epoch= 1, accuracy= 0.709280, rmse= 0.439760, auc= 0.721314
epoch= 2, accuracy= 0.719184, rmse= 0.433369, auc= 0.736533
epoch= 3, accuracy= 0.724977, rmse= 0.429001, auc= 0.748919
